W1:[[0.18512784 0.02402066]];
B1:[[0.07723151]];
W2:[[0.18842635]];
B2:[[0.38385351]];
